0 3
0 10
0 11
0 12
0 18
0 21
0 23
1 12
1 19
1 21
1 24
1 30
2 4
2 12
2 18
3 5
3 12
3 23
3 28
4 12
5 12
5 27
6 4
6 12
6 13
6 23
6 24
7 12
7 19
7 21
8 27
9 4
9 12
9 18
9 23
9 24
9 25
9 27
10 27
11 23
11 27
12 23
12 24
12 25
13 5
13 7
13 8
13 12
13 19
13 21
13 23
13 24
13 28
13 29
13 30
14 4
14 9
14 11
14 12
14 18
14 25
14 26
14 27
14 29
14 30
15 12
15 19
15 24
15 25
15 29
16 11
16 12
17 3
17 12
17 19
17 21
17 23
18 4
18 11
18 13
18 24
18 25
18 26
18 27
19 3
19 10
19 12
19 21
20 12
20 18
21 3
21 5
21 12
21 19
21 23
21 27
21 29
22 0
22 4
22 7
22 12
22 19
22 21
22 23
22 29
23 9
23 24
23 27
24 5
24 11
24 12
25 12
25 24
27 23
28 12
28 24
29 23
29 24
30 5
30 9
30 11
30 23
30 25
30 28
30 29
31 12
31 24
31 27
